718584984,
718585072,
718585160,
718585250,
718585367,
718585458,
718585535,
718585638,
718585811,
718585997,
718586064,
718586488,
718586601,
718586873,
718587038,
718587162,
718587281,
718587425,
718587589,
718587709,
718587840,
718587958,
718588112,
718588248,
718588369,
718588495,
718588599,
718588688,
718588842,
718588928,
718589048,
718589145,
718589264,
718589380,
718589480,
718589707,
718589819,
718589979,
718590094,
718590244,
718590364,
718590658,
718590807,
718590916,
718591013,
718591131,
718591245,
718591375,
718591504,
718591654,
718591883,
718592101,
718592284,
718592564,
718592719,
718592906,
718593163,
718593231,
718593431,
718593611,
718593743,
718593856,
718593967,
718594077,
718594164,
718594421,
718594603,
718594801,
718594966,
718595055,
718595182,
718595291,
718595442,
718595537,
718595665,
718595793,
718595906,
718596010,
718596172,
718596288,
718596430,
718596531,
718596645,
718596732,
718596862,
718597052,
718597152,
718597279,
718597591,
718597702,
718598602,
718599521,
718600498,
718601501,
718602604,
718603482,
718604474,
718606126,
718607526,
718608363,
718609756,
718610931,
718612279,
718614087,
718615662,
718616698,
718617637,
718618605,
718619575,
718620824,
718621705,
718622675,
718623583,
718624607,
718625582,
718626379,
718627276,
718628175,
718629402,
718630644,
718631541,
718633188,
718634779,
718636085,
718637725,
718639008,
718640312,
718641176,
718642075,
718642981,
718643886,
718644781,
718645777,
718646590,
718647492,
718648435,
718649246,
718650639,
718651559,
718652004,
718652657,
718653076,
718654750,
718655785,
718656615,
718657487,
718658414,
718659265,
718660154,
718661365,
718662109,
718662948,
718663830,
718665067,
718665810,
718666666,
718667542,
718667724,
718668000,
718668131,
718668237,
718668359,
718668466,
718668685,
718668843,
718669008,
718669109,
718669236,
718669375,
718669510,
718669620,
718669770,
718669931,
718670071,
718670276,
718670377,
718670518,
718670681,
718670815,
718670957,
718671103,
718671274,
718672868,
718672971,
718673223,
718673495,
718673712,
718673901,
718674102,
718674193,
718674318,
718674639,
718674905,
718675114,
718675302,
718675513,
718675655,
718675842,
718676067,
718676233,
718676433,
718676610,
718676825,
718677009,
718677263,
718677457,
718677663,
718677894,
718678038,
718678208,
718678380,
718678560,
718678740,
718678879,
718679044,
718679163,
718679622,
718679708,
718679851,
718679987,
718680299,
718680664,
718680878,
718681105,
718681349,
718681462,
718681627,
718681750,
718681845,
718681971,
718682111,
718682246,
718682378,
718682512,
718682693,
718682875,
718683095,
718683275,
718683403,
718683630,
718683776,
718683961,
718684064,
718684208,
718684363,
718684456,
718684614,
718684839,
718684977,
718685185,
718685297,
718685467,
718685613,
718685776,
718686023,
718686125,
718686275,
718686401,
718686661,
718686857,
718686975,
718687163,
718687361,
718687625,
718687907,
718688055,
718688273,
718688447,
718688618,
718688785,
718688936,
718689191,
718689563,
718689806,
718689958,
718690140,
718690327,
718690437,
718690589,
718690699,
718691036,
718691178,
718691328,
718691488,
718691645,
718691809,
718691977,
718692151,
718692434,
718692541,
718692661,
718692853,
718692998,
718693122,
718693251,
718693366,
718693534,
718693663,
718693765,
718695371,
718695851,
718695979,
718696096,
718696236,
718696368,
718696519,
718696651,
718696853,
718696979,
718697136,
718697322,
718697522,
718697658,
718697784,
718697952,
718698454,
718698623,
718698862,
718699055,
718699200,
718699372,
718699553,
718699723,
718699913,
718700055,
718700232,
718700407,
718700599,
718700786,
718700988,
718701146,
718701420,
718701566,
718701727,
718701891,
718702046,
718702262,
718702448,
718702641,
718702834,
718703002,
718703129,
718703433,
718703589,
718703758,
718703917,
718704081,
718704211,
718704395,
718704548,
718704696,
718704892,
718705033,
718705199,
718705414,
718705555,
718705718,
718705918,
718706093,
718706255,
718706432,
718706608,
718706843,
718707010,
718707191,
718707367,
718707575,
718707678,
718707809,
718707928,
718708058,
718708223,
718708354,
718708484,
718708626,
718708729,
718708886,
718709158,
718709426,
718709674,
718709829,
718709954,
718710329,
718710513,
718710747,
718710908,
718711018,
718711167,
718711358,
718711501,
718711607,
718711798,
718711977,
718712153,
718712298,
718712435,
718712505,
718712616,
718712721,
718712859,
718712973,
718713170,
718713295,
718713378,
718713636,
718713761,
718713856,
718713972,
718714097,
718714210,
718714408,
718714571,
718714721,
718714853,
718715015,
718715113,
718715244,
718715495,
718715612,
718715787,
718715954,
718716086,
718716236,
718716370,
718716475,
718716627,
718716775,
718717129,
718717352,
718717631,
718717808,
718718138,
718718537,
718718756,
718718936,
718719112,
718719266,
718719395,
718719570,
718719717,
718719848,
718720024,
718721454,
718721657,
718721875,
718722106,
718722237,
718722416,
718722594,
718722776,
718723021,
718723197,
718724194,
718724333,
718724477,
718724678,
718724854,
718725103,
718725275,
718725401,
718725524,
718725632,
718725798,
718725927,
718726043,
718726161,
718726342,
718726517,
718726718,
718726894,
718727061,
718727200,
718727315,
718727518,
718727708,
718727889,
718727989,
718728071,
718728272,
718728398,
718728956,
718729058,
718729160,
718729351,
718729458,
718729572,
718729706,
718729886,
718730043,
718730302,
718730596,
718730787,
718731053,
718731282,
718731522,
718731765,
718731981,
718732152,
718732291,
718732462,
718732642,
718732824,
718732932,
718733036,
718733156,
718733289,
718733416,
718733557,
718733644,
718733872,
718734019,
718734231,
718734346,
718734500,
718734658,
718734786,
718734975,
718735075,
718735198,
718735268,
718735472,
718735590,
718735758,
718735909,
718736133,
718736307,
718736437,
718736630,
718737434,
718737581,
718737713,
718737798,
718738022,
718738353,
718738640,
718738823,
718738928,
718739039,
718739247,
718739424,
718739517,
718739729,
718739836,
718739962,
718740042,
718740204,
718740329,
718740480,
718740613,
718740739,
718741143,
718741347,
718741520,
718741671,
718741852,
718742048,
718742213,
718742388,
718742704,
718742838,
718743007,
718743174,
718743339,
718743462,
718743586,
718743722,
718743854,
718744022,
718744129,
718744353,
718744521,
718744732,
718744904,
718745106,
718745232,
718745396,
718745646,
718745825,
718746253,
718746551,
718746680,
718746827,
718746976,
718747135,
718747281,
718747437,
718747612,
718747741,
718747981,
718748089,
718748251,
718748501,
718749747,
718749872,
718750001,
718750206,
718750425,
718750655,
718750840,
718751144,
718751294,
718751470,
718751677,
718751840,
718752008,
718752216,
718752435,
718752662,
718752895,
718753086,
718753333,
718753537,
718753697,
718753911,
718754158,
718754285,
718754528,
718754633,
718754960,
718755190,
718755628,
718755791,
718755935,
718756056,
718756196,
718756598,
718756784,
718756970,
718757143,
718757412,
718757538,
718757859,
718758002,
718758190,
718758412,
718758610,
718758976,
718759241,
718759411,
718759583,
718759757,
718782564,
718782760,
718782923,
718783114,
718783262,
718783431,
718783626,
718783788,
718783959,
718784141,
718784290,
718786378,
718787339,
718787604,
718787832,
718788881,
718789500,
718789780,
718790212,
718790423,
718790650,
718790921,
718791244,
718791373,
718791497,
718791763,
718792031,
718792203,
718792386,
718792603,
718792796,
718792962,
718793142,
718793299,
718793482,
718793786,
718794052,
718794224,
718794431,
718794623,
718794812,
718795120,
718795359,
718795480,
718795674,
718795855,
718796003,
718796353,
718796485,
718796658,
718796981,
718797199,
718797342,
718797567,
718797784,
718797947,
718798175,
718798520,
718799084,
718799235,
718799414,
718799592,
718799740,
718799913,
718800105,
718800331,
718800635,
718800812,
718801056,
718801341,
718801484,
718801665,
718801831,
718802003,
718802229,
718802368,
718802558,
718802721,
718802881,
718802993,
718803166,
718803388,
718803557,
718803710,
718803850,
718804038,
718804145,
718804408,
718804570,
718804799,
718804906,
718805047,
718805156,
718805312,
718805470,
718805569,
718805809,
718805972,
718806133,
718806261,
718806369,
718806548,
718806697,
718806847,
718807067,
718807299,
718807416,
718807602,
718807805,
718808019,
718808165,
718808321,
718808448,
718808643,
718808955,
718809102,
718809249,
718809407,
718809589,
718809713,
718809821,
718809950,
718810079,
718810239,
718810363,
718810523,
718810827,
718811091,
718811331,
718811523,
718811864,
718812089,
718812266,
718812460,
718812621,
718812822,
718812928,
718813059,
718813309,
718813558,
718813910,
718814118,
718814281,
718814470,
718814645,
718814875,
718814999,
718815138,
718815310,
718815472,
718815693,
718815878,
718816031,
718816175,
718816311,
718816481,
718816683,
718816940,
718817202,
718817379,
718817546,
718817902,
718818290,
718818436,
718818697,
718818873,
718819068,
718819236,
718819540,
718819714,
718819935,
718820073,
718820214,
718820320,
718820694,
718820853,
718820967,
718821137,
718821276,
718821461,
718821685,
718821828,
718821962,
718822107,
718822433,
718822616,
718822820,
718823021,
718823289,
718823421,
718823536,
718823724,
718823847,
718823971,
718824107,
718824249,
718824410,
718824569,
718824755,
718824964,
718825221,
718825360,
718825544,
718825824,
718825972,
718826118,
718826301,
718826487,
718826663,
718826776,
718827173,
718827418,
718827724,
718827812,
718827941,
718828128,
718828294,
718828475,
718828708,
718828898,
718829019,
718829240,
718829397,
718829521,
718829621,
718829733,
718829846,
718830027,
718830179,
718830396,
718830556,
718830739,
718830868,
718831156,
718831290,
718831430,
718831578,
718831708,
718831840,
718832058,
718832303,
718832554,
718832923,
718833115,
718833254,
718833396,
718833533,
718833698,
718833950,
718834175,
718834310,
718834435,
718834814,
718835181,
718835310,
718835458,
718835598,
718835860,
718836080,
718836250,
718836367,
718836488,
718836720,
718836902,
718837031,
718837184,
718837335,
718837468,
718837768,
718837942,
718838074,
718838231,
718838401,
718838517,
718838739,
718838883,
718839122,
718839253,
718839412,
718839661,
718839967,
718840236,
718840438,
718840634,
718840739,
718841017,
718841216,
718841341,
718841497,
718841633,
718841828,
718842079,
718842328,
718842529,
718842765,
718843090,
718843329,
718843490,
718843627,
718843813,
718844058,
718844191,
718844438,
718844546,
718844698,
718844846,
718845033,
718845273,
718845468,
718845647,
718845812,
718846013,
718846148,
718846324,
718846438,
718846654,
718846774,
718846899,
718848576,
718851102,
718852688,
718854002,
718855666,
718857076,
718859340,
718860929,
718862349,
718863947,
718865255,
718866547,
718869019,
718871110,
718872793,
718876248,
718877939,
718879087,
718880693,
718882126,
718883964,
718887149,
718888740,
718890560,
718890776,
718890978,
718891153,
718891328,
718891459,
718891745,
718892107,
718892317,
718892489,
718892595,
718892792,
718892943,
718893129,
718893296,
718893590,
718920691,
718920917,
